Name           R.A.  (2000)  Decl.       PM (mas/yr)       Simbad Name        Alternate Simbad Name
10 Lac      22 39 15.679 +39 03 00.97   -0.32  -5.46  
1732526     17 32 52.574 +71 04 42.74                 2MASS J17325264+7104431	TYC 4424-1286-1
1740346     17 40 34.684 +65 27 14.97                 2MASS J17403468+6527148	TYC 4207-219-1
1743045     17 43 04.48  +66 55 01.6                  2MASS J17430448+6655015
1757132     17 57 13.242 +67 03 40.85                 2MASS J17571324+6703409	TYC 4212-455-1
1802271     18 02 27.17  +60 43 35.7                  2MASS J18022716+6043356
1805292     18 05 29.291 +64 27 51.92                 2MASS J18052927+6427520	TYC 4209-1396-1
1808347     18 08 34.704 +69 27 28.70                 2MASS J18083474+6927286	TYC 4433-1800-1
1812095     18 12 09.604 +63 29 42.16                 2MASS J18120957+6329423	TYC 4205-1677-1
1812524     18 12 52.371 +60 02 31.85                 2MASS J18125240+6002319	TYC 4201-1717-1
2M0036+18   00 36 16.176 +18 21 10.47  883    108     2MASS J00361617+1821104
2M0559-14   05 59 19.143 -14 04 48.88  563   -346     2MASS J05591914-1404488
AGK+81 266  09 21 19.177 +81 43 27.64  -10.70 -49.90  
ALPHA LYR   18 36 56.336 +38 47 01.28  200.94 286.23  
BD+02 3375  17 39 45.596 +02 24 59.60 -364.21  74.81  
BD+17 4708  22 11 31.37  +18 05 34.17  511.8   59.9   
BD+21 0607  04 14 35.516 +22 21 04.26  426.4 -301.49  HD284248
BD+25 4655  21 59 41.975 +26 25 57.40  -37.47 -42.69  
BD+26 2606  14 49 02.357 +25 42 09.16  -9.49 -347.07  
BD+28 4211  21 51 11.021 +28 51 50.36  -35.55 -58.74  
BD+29 2091  10 47 23.163 +28 23 55.92 178.29 -825.37  
BD+33 2642  15 51 59.886 +32 56 54.33  -13.57   0.72  
BD+54 1216  08 19 22.571 +54 05 09.62 -34.95 -628.96  HD233511
BD+60 1753  17 24 52.268 +60 25 50.74   -2.70   2.20  
BD+75 325   08 10 49.488 +74 57 57.92    6.54   8.88  
C26202      03 32 32.84  -27 51 48.6?                 2MASS J03323287-2751483   [B2010] C26202
ETA UMA     13 47 32.438 +49 18 47.76 -121.17 -14.91  
FEIGE110    23 19 58.398 -05 09 56.16  -10.68   0.31  
FEIGE34     10 39 36.740 +43 06 09.26   14.09 -25.01  
FEIGE66     12 37 23.517 +25 03 59.88    3.01 -26.05  BD+25 2534
FEIGE67     12 41 51.791 +17 31 19.76   -6.15 -36.27  BD+18 2647
G191B2B      5 05 30.613 +52 49 51.96   +7.45 -89.54  
G93-48      21 52 25.382 +02 23 19.54  20.25 -304.55  
GD108       10 00 47.254 -07 33 31.01  -38     -4     
GD153       12 57 02.337 +22 01 52.68  -46   -204     
GD50        03 48 50.189 -00 58 32.02   64   -161     
GD71         5 52 27.614 +15 53 13.75   76   -172     
GJ754.1A    19 20 34.923 -07 40 00.07 -60.87 -162.15  
GRW+70 5824 13 38 50.476 +70 17 07.66 -403.65 -22.00  
HD009051    01 28 46.502 -24 20 25.44   52.81 -17.27  
HD031128    04 52 09.910 -27 03 50.95  165.55 -27.75  
HD074000    08 40 50.804 -16 20 42.52 351.36 -484.58  
HD106252    12 13 29.509 +10 02 29.90  23.76 -279.50  
HD111980    12 53 15.053 -18 31 20.00 299.64 -794.83  
HD116405    13 22 45.123 +44 42 53.90    8.15  -8.71  
HD14943     02 22 54.675 -51 05 31.67   22.15  65.77  
HD158485    17 26 04.837 +58 39 06.82   -9.19  13.81  
HD159222    17 32 00.993 +34 16 16.13 -239.8   63.08  
HD160617    17 42 49.324 -40 19 15.53 -61.77 -395.70  
HD163466    17 52 25.374 +60 23 46.95   -1.50  42.50  
HD165459    18 02 30.741 +58 37 38.16  -13.03  24.43  
HD180609    19 12 47.199 +64 10 37.18   -3.53  -7.82  
HD185975    20 28 18.728 -87 28 19.94  168.83 -57.60  
HD200654    21 06 34.750 -49 57 50.28 192.53 -274.00  
HD205905    21 39 10.152 -27 18 23.67  385.21 -84.84  
HD209458    22 03 10.772 +18 53 03.54   28.55 -18.81  
HD37725     05 41 54.371 +29 17 50.92   16.7  -27.8   
HD37962     05 40 51.967 -31 21 03.99 -57.91 -365.20  
HD38949     05 48 20.059 -24 27 49.86  -30.47 -36.46  
HD60753     07 33 27.318 -50 35 03.32   -3.46   5.50  
HD93521     10 48 23.511 +37 34 13.09    0.32   2.44  
HS2027+0651 20 29 32.5   +07 01 08    	...	...   WD2027+068
HZ2         04 12 43.551 +11 51 48.75 -14.65 -209.49  
HZ21        12 13 56.25  +32 56 31.4  -107     28     
HZ4         03 55 21.99  +09 47 18.0   168      4     
HZ43        13 16 21.853 +29 05 55.38 -157.96 -110.23 
HZ43B       13 16.4      +29 06                  
HZ44        13 23 35.258 +36 07 59.51  -61.60  -3.10  WD1321+36
KF01T5      18 04 03.889 +66 55 43.80	              2MASS J18040388+6655437	[RMC2005] KF01T5 
KF06T1      17 57 58.49  +66 52 29.4	              2MASS J17575849+6652293	[RMC2005] KF06T1
KF06T2      17 58 37.99  +66 46 52.2	              2MASS J17583798+6646522	[RMC2005] KF06T2
KF08T3      17 55 16.223 +66 10 11.64	 2.6   -5.6   2MASS J17551622+6610116	[RMC2005] KF08T3
ksi2 Ceti   02 28 09.543 +08 27 36.20   41.80  13.55  
LAM LEP     05 19 34.524 -13 10 36.44   -3.30  -4.91  
LB227       04 09 28.889 +17 07 54.27  104    -24     
LDS749B     21 32 16.24  +00 15 14.4  +416    +30     
LTT9491     23 19 35.38  -17 05 28.5   270      0     
MU COL      05 45 59.895 -32 18 23.16  -22.24   2.4   
NGC7293     22 29 38.541 -20 50 13.64   32     -5     
P041C       14 51 57.985 +71 43 17.38  -48.4   18.4   2MASS J14515797+7143173	GSPC P 41-C
P177D       15 59 13.57  +47 36 41.9                  2MASS J15591357+4736419	GSPC P177-D
P330E       16 31 33.82  +30 08 46.5                  2MASS J16313382+3008465	GSPC P330-E
SF1615+001A 16 18 14.23  +00 00 08.63	 4    -12     2MASS J16181422+0000086   [B2010] SF1615+001A
SIRIUS      06 45 08.917 -16 42 58.02 -546.05 -1223.14
SNAP-1      16 29 35.76  +52 55 53.2?	-2    -20     2MASS J16293576+5255532
SNAP-2      16 19 46.11  +55 34 17.8                  2MASS J16194609+5534178
VB8         16 55 35.293 -08 23 40.11 -812.4 -871.2   
WD0308-565  03 09 47.91  -56 23 49.5    	      
WD0320-539  03 22 14.83  -53 45 16.5  	 9    -66     
WD0947+857^ 09 57 54.4    85 29 40.9    	      
WD1026+453  10 29 45.264 +45 07 04.92    	      
WD1057+719  11 00 34.24  +71 38 02.9   -42.9  -24.3   
WD1657+343  16 58 51.120 +34 18 53.29   11    -31     